14 0 5 24 18 15 6 4 38 36 
24 31 15 7.7 12.7 13.7 5.7 9 26 33 
11 32.9 -8.9 8.09999 12.1 23.1 8 8.70002 19.9 26 
11 0.09999 -9.2 -2.30001 6.9 -1.1 5 -3.90001 4.7 3 
29.5 -14.8 -8.8 3.8 22.5 -2.8 13.9 16.6 -0.6 0.4 
6.9 4.90001 16.4 -10.1 29.5 33.9 -4.1 12.2 12.5 28.8 
22.6 -10.7 5.1 2.1 26.3 3.4 -4.8 1.2 -8.5 -5.8 
28.6 13.3 -7.6 21.1 -8 5 12.8 8.5 0.5 25.6 
15.6 3.3 2.4 15.5 -3.30001 8.4 8.5 -16.2 6.1 15.2 
26.6 -0.1 11.3 28 20.2 19.2 24.5 22.6 27.8 17.5 
7.1 -6.1 5.6 12.9 19.5 13.5 10.7 17.1 10.8 15.8 
31.7 -2.60001 14.2 22.1 19.9 23.3 6.7 9.2 20.8 7.7 
14 13.5 -5.6 9.7 9.1 24.1 19.8 15.8 10.7 14.3 
8 30 4.2 -5 -8.1 6.90001 8.00001 17 -0.4 32.2 
35 38 37 33.8 33.5 18.5 1.5 28.5 14 25 
38 4 9 14 27 0 13 13 6 14 

33 0 5 7 26 6 34 27 21 28 
21 32 19 12.8 17.3 19.3 10.8 14 17 2 
36 -1.2 8.4 0 -0.80001 21.2 2.8 -5.3 7.8 21 
9 13.4 12.8 -7.1 -9.2 23.8 11.7 -14.2 25.7 3 
18.8 -6.8 6.9 -7.3 14.1 16.1 -5.7 5.19999 -3.20001 31.1 
-1.2 -13.1 20.1 13.9 30.3 28.3 0.9 15 10.6 -0.9 
-6 4.7 1.1 22 -1.1 17.6 7.5 -5 0.90001 4.2 
-1 1.7 -4.9 19.9 8.8 30.6 20.3 17.9 11.5 14.9 
4 -7.3 21.7 23.2 37.8 34.5 41.6 10.7 0.20001 35.6 
2 -18.3 1.9 9.3 1.2 14.2 28.9 -4.4 -15.4 13.9 
12.6 4.8 26.5 34.1 10.3 9.9 24.8 -16.5 4.9 4.1 
21.2 12 -4.6 -1.2 17.3 2.3 18.3 18.8 -4.8 16.7 
27 22.9 -7.00001 17.6 -11.7 -7.5 -5.2 5.8 22.2 18 
10 24 18.9 6 4.7 -6.30001 8 23.2 5.8 18.8 
9 31 19 13.7 17.7 6.7 -0.3 37 8 36 
15 25 28 19 6 16 30 32 9 19 

23 14 37 21 8 33 37 20 5 10 
10 18 3 0 23 15 1 10 18 22 
10 3.7 -2 -7.4 6.50001 21.5 17.3 11.5 26.7 14 
38 5 -16.1 -2.20001 -5.9 21.1 17.2 -6.60001 -7.5 4 
4.5 9.9 13.7 -2.00001 12 25 -5.80001 14.9 3.30001 14 
10.1 -7.3 11.2 31.8 18.3 21.4 2.1 -17.5 -20.2 1 
0.8 -4.3 -3.4 4 42.5 17.2 8.7 12.4 -4.5 31.1 
15.8 8.7 -18.1 14.9 23.4 36.7 9.1 13.3 9.6 25.8 
9.8 -24.3 -4.10001 7 29.7 32.4 23.2 -21.6 2.8 8.5 
20.8 9.7 5.40002 37.1 14 15.9 6.4 -11.3 4.70001 17.7 
2.2 9.6 -1.99999 1.6 6.4 33.5 2.2 16.8 0.89999 6 
20.7 12.1 -23.4 13.9 21 17 -1.30001 -3.7 3.6 15.9 
27 24.7 -5.90001 -15.9 7.80001 -3.3 13.9 -18.5 5.90001 8.2 
22 21 -0.2 -4.50001 -5.7 6.3 -19.5 3.9 16.7 16.8 
26 5 14 15 34.1 34.1 6.1 8.1 9 1 
21 1 33 5 6 7 27 12 13 6 

26 9 10 29 3 20 27 14 20 13 
32 20 28 7 5 10 13 8 36 27 
31 23.8 16.1 1.8 10.8 23.8 -6.4 -10 17.8 34 
20 17.1 13.8 18.4 26.5 -1.6 -5.9 10.2 -12 32 
3.2 11.1 -10 -3.8 31.6 4.7 -6.6 -0.30001 -12 12 
6.1 -5.50001 -0.50001 23.3 37.9 16.8 17 7.7 2.5 28 
15.1 19.4 23.3 16 6.1 32.9 12.6 -7.6 10.4 35.6 
-2.9 -13.6 17.3 8.2 19.3 22.1 13.6 22.4 19.6 31.6 
-1.9 1.4 11.3 -3.2 -6.1 13.7 -8.7 1 17.4 11.6 
-1.9 -9.6 1.5 26.3 3.7 17.5 5 21.2 13.8 6 
31.7 13.1 16.4 28.3 13.6 0.5 23.1 8.6 -0.3 4.1 
4 -13.9 17.1 -6.9 27.2 5.2 6.6 28.2 5.6 15.3 
22 25.7 -2.90001 -13.1 -8.3 6.49999 -9.6 20.9 -18.6 5.9 
37 1 32.3 2.29999 22.3 0.29999 -14.7 8.5 4.80001 -1.7 
18 22 29 3.7 -0.7 1.3 26.3 4.6 31.7 26.7 
27 34 13 6 19 1 19 31 32 7 

32 35 23 26 20 25 3 34 10 37 
6 18 9 21 6 10 12 36 7 11 
18 13.2 18.3 -21.6 -14.6 0.40001 -14.4 10.2 15.2 21 
32 -0.7 -10.3 -2 -26.3 -5.29997 -22.3 16.2 -1.8 16 
33.8 -8.4 11.6 -7.59997 10.5 10.5 -10.5 14.4 18.3 4.7 
24.9 15.3 6.4 -2.3 2.2 -3.8 0.2 13.5 5.69999 31.7 
22.2 16.1 11.2 34.9 21.5 1.5 1.6 -3.2 24 6.3 
25.2 11.1 21.5 -3.7 25.8 -1.2 4.9 18.9 -1.90001 5.3 
-1.8 17.1 -2.5 26.3 -7 16.8 14.7 11.2 -5.2 10.3 
14.2 -4.9 28.3 6 33.3 34.3 3.3 13.8 26.8 14.5 
17.2 -4.5 -0.2 9.3 -1.5 -5.3 25.2 15.1 19.6 30 
27.3 2.6 10.1 -8.8 21.7 26.7 32 12.1 9.1 19.3 
7 17.3 -1.8 -9.7 -1.6 -6.8 -2.5 24.5 -1.60001 34.8 
32 15 30.9 9.1 23.8 -8.2 -9.5 -5.1 19.6 6.69999 
15 34 18 36 11.6 8.6 5.6 8.6 25 3 
7 0 34 25 23 30 23 12 13 31 

